0.000000e+00 -1.000000e+00 0.000000e+00 0.000000e+00 0.000000e+00 0.000000e+00 -1.000000e+00 0.000000e+00 1.000000e+00 0.000000e+00 0.000000e+00 0.000000e+00
-1.440404e-03 -9.999989e-01 -4.092347e-04 2.987135e-03 -1.403086e-03 4.112557e-04 -9.999989e-01 -1.168853e-02 9.999980e-01 -1.439828e-03 -1.403677e-03 5.036269e-01
-3.166727e-03 -9.999949e-01 3.877850e-04 -2.374386e-03 -2.877765e-03 -3.786722e-04 -9.999958e-01 -2.132056e-02 9.999908e-01 -3.167830e-03 -2.876552e-03 1.058413e+00
-4.961479e-03 -9.999831e-01 3.027766e-03 -1.435768e-02 -4.106861e-03 -3.007401e-03 -9.999871e-01 -3.037716e-02 9.999793e-01 -4.973849e-03 -4.091871e-03 1.678087e+00
-6.590622e-03 -9.999687e-01 4.373189e-03 -9.682868e-03 -4.484749e-03 -4.343682e-03 -9.999805e-01 -4.358973e-02 9.999682e-01 -6.610106e-03 -4.455981e-03 2.236979e+00
-7.999205e-03 -9.999539e-01 5.319472e-03 -2.003566e-03 -4.455632e-03 -5.283947e-03 -9.999761e-01 -5.184954e-02 9.999581e-01 -8.022715e-03 -4.413159e-03 2.820685e+00
-9.629964e-03 -9.999367e-01 5.821688e-03 -1.044516e-02 -5.068182e-03 -5.773075e-03 -9.999705e-01 -6.284916e-02 9.999408e-01 -9.659185e-03 -5.012266e-03 3.407418e+00
-1.022922e-02 -9.999321e-01 5.577323e-03 -1.762982e-02 -7.172141e-03 -5.504103e-03 -9.999591e-01 -7.731122e-02 9.999220e-01 -1.026880e-02 -7.115352e-03 4.004261e+00
-1.129468e-02 -9.999235e-01 5.043442e-03 -2.566406e-02 -1.072405e-02 -4.922343e-03 -9.999304e-01 -8.596260e-02 9.998787e-01 -1.134798e-02 -1.066763e-02 4.597109e+00
-1.279378e-02 -9.999123e-01 3.437284e-03 -3.929688e-02 -1.451239e-02 -3.251521e-03 -9.998894e-01 -9.730966e-02 9.998128e-01 -1.284225e-02 -1.446952e-02 5.206008e+00
-1.340308e-02 -9.999098e-01 8.304112e-04 -6.432810e-02 -1.492673e-02 -6.303113e-04 -9.998884e-01 -1.150923e-01 9.997988e-01 -1.341398e-02 -1.491693e-02 5.833450e+00
-1.502760e-02 -9.998862e-01 -1.371762e-03 -8.409403e-02 -8.955345e-03 1.506454e-03 -9.999588e-01 -1.278216e-01 9.998470e-01 -1.501469e-02 -8.976963e-03 6.478431e+00
-1.500565e-02 -9.998851e-01 -2.119918e-03 -9.768676e-02 7.665985e-04 2.108652e-03 -9.999975e-01 -1.390459e-01 9.998871e-01 -1.500724e-02 7.348688e-04 7.145372e+00
-1.634514e-02 -9.998617e-01 -3.079592e-03 -1.096975e-01 7.368430e-03 2.959466e-03 -9.999685e-01 -1.557274e-01 9.998392e-01 -1.636731e-02 7.319038e-03 7.819026e+00
-1.746628e-02 -9.998337e-01 -5.249080e-03 -1.361073e-01 6.563924e-03 5.135105e-03 -9.999653e-01 -1.632649e-01 9.998259e-01 -1.750013e-02 6.473141e-03 8.499489e+00
-1.863636e-02 -9.997925e-01 -8.227904e-03 -1.484867e-01 1.269207e-03 8.205670e-03 -9.999655e-01 -1.614757e-01 9.998255e-01 -1.864616e-02 1.116020e-03 9.198909e+00
-1.962353e-02 -9.997754e-01 -8.009984e-03 -1.614932e-01 -4.296478e-03 8.095779e-03 -9.999580e-01 -1.582586e-01 9.997982e-01 -1.958829e-02 -4.454381e-03 9.900202e+00
-2.014621e-02 -9.997793e-01 -5.962934e-03 -1.765165e-01 -3.510982e-03 6.034854e-03 -9.999756e-01 -1.639069e-01 9.997909e-01 -2.012479e-02 -3.631787e-03 1.061701e+01
-2.137373e-02 -9.997596e-01 -4.902979e-03 -1.961810e-01 4.527778e-03 4.807252e-03 -9.999782e-01 -1.696813e-01 9.997613e-01 -2.139546e-02 4.423941e-03 1.136903e+01
-2.206357e-02 -9.997493e-01 -3.807802e-03 -2.092466e-01 1.118817e-02 3.561581e-03 -9.999311e-01 -1.748143e-01 9.996940e-01 -2.210465e-02 1.110678e-02 1.216513e+01
-2.280369e-02 -9.997370e-01 -2.429526e-03 -2.317250e-01 1.424620e-02 2.104962e-03 -9.998963e-01 -1.705205e-01 9.996384e-01 -2.283594e-02 1.419445e-02 1.296456e+01
-2.316224e-02 -9.997314e-01 -8.010910e-04 -2.440902e-01 1.376610e-02 4.822907e-04 -9.999051e-01 -1.680436e-01 9.996369e-01 -2.317107e-02 1.375123e-02 1.375744e+01
-2.234422e-02 -9.997500e-01 -8.559840e-04 -2.763274e-01 1.261114e-02 5.742732e-04 -9.999203e-01 -1.602951e-01 9.996708e-01 -2.235324e-02 1.259516e-02 1.458126e+01
-2.243692e-02 -9.997444e-01 -2.799482e-03 -2.985531e-01 9.737556e-03 2.581519e-03 -9.999493e-01 -1.446963e-01 9.997008e-01 -2.246304e-02 9.677146e-03 1.539994e+01
-2.065082e-02 -9.997867e-01 -4.499605e-04 -3.189456e-01 4.157374e-03 3.641811e-04 -9.999913e-01 -1.508805e-01 9.997781e-01 -2.065251e-02 4.148966e-03 1.625541e+01
-1.960175e-02 -9.998067e-01 1.518307e-03 -3.338706e-01 -1.771682e-03 -1.483861e-03 -9.999973e-01 -1.523370e-01 9.998063e-01 -1.960439e-02 -1.742253e-03 1.711072e+01
-1.850084e-02 -9.998286e-01 6.796723e-04 -3.522419e-01 -7.334509e-03 -5.440525e-04 -9.999729e-01 -1.626962e-01 9.998019e-01 -1.850533e-02 -7.323186e-03 1.802414e+01
-1.943991e-02 -9.998111e-01 5.049372e-05 -3.701947e-01 -8.390566e-03 1.126412e-04 -9.999648e-01 -1.689396e-01 9.997758e-01 -1.943965e-02 -8.391171e-03 1.892950e+01
-1.979935e-02 -9.998035e-01 9.131129e-04 -3.919484e-01 -7.919025e-03 -7.564411e-04 -9.999683e-01 -1.854543e-01 9.997726e-01 -1.980595e-02 -7.902492e-03 1.985363e+01
-1.910525e-02 -9.998165e-01 -1.383447e-03 -4.116879e-01 -8.931662e-03 1.554317e-03 -9.999589e-01 -2.046689e-01 9.997776e-01 -1.909211e-02 -8.959719e-03 2.078939e+01
-1.925191e-02 -9.998081e-01 -3.638375e-03 -4.396010e-01 -1.011745e-02 3.833678e-03 -9.999415e-01 -2.185431e-01 9.997635e-01 -1.921397e-02 -1.018931e-02 2.171073e+01
-1.910284e-02 -9.997948e-01 -6.734055e-03 -4.710709e-01 -1.110916e-02 6.947119e-03 -9.999142e-01 -2.291845e-01 9.997558e-01 -1.902639e-02 -1.123959e-02 2.268185e+01
-2.080724e-02 -9.997495e-01 -8.249930e-03 -4.844400e-01 -1.156104e-02 8.491762e-03 -9.998971e-01 -2.537789e-01 9.997166e-01 -2.070972e-02 -1.173483e-02 2.365516e+01
-2.093340e-02 -9.997395e-01 -9.091309e-03 -5.182683e-01 -1.108795e-02 9.324892e-03 -9.998950e-01 -2.707642e-01 9.997194e-01 -2.083040e-02 -1.128026e-02 2.464554e+01
-2.254876e-02 -9.996995e-01 -9.610405e-03 -5.444803e-01 -1.082495e-02 9.856426e-03 -9.998928e-01 -2.891124e-01 9.996871e-01 -2.244231e-02 -1.104395e-02 2.562415e+01
-2.216364e-02 -9.996903e-01 -1.131709e-02 -5.835207e-01 -9.762877e-03 1.153575e-02 -9.998858e-01 -3.129482e-01 9.997067e-01 -2.205062e-02 -1.001553e-02 2.660734e+01
-2.220692e-02 -9.996813e-01 -1.200646e-02 -6.144133e-01 -8.504607e-03 1.219788e-02 -9.998894e-01 -3.342404e-01 9.997172e-01 -2.210235e-02 -8.772774e-03 2.763877e+01
-2.124191e-02 -9.997075e-01 -1.156361e-02 -6.481915e-01 -7.628520e-03 1.172796e-02 -9.999021e-01 -3.515726e-01 9.997452e-01 -2.115161e-02 -7.875413e-03 2.864447e+01
-2.160449e-02 -9.997131e-01 -1.034485e-02 -6.583959e-01 -7.857542e-03 1.051673e-02 -9.999138e-01 -3.680634e-01 9.997357e-01 -2.152135e-02 -8.082496e-03 2.966150e+01
-2.221104e-02 -9.996935e-01 -1.093215e-02 -6.922045e-01 -8.678734e-03 1.112724e-02 -9.999004e-01 -3.824323e-01 9.997156e-01 -2.211395e-02 -8.923221e-03 3.069581e+01
-2.218437e-02 -9.996980e-01 -1.057416e-02 -7.166706e-01 -8.106998e-03 1.075630e-02 -9.999093e-01 -3.987402e-01 9.997211e-01 -2.209663e-02 -8.343171e-03 3.174831e+01
-2.130437e-02 -9.997191e-01 -1.038703e-02 -7.301205e-01 -5.569118e-03 1.050789e-02 -9.999293e-01 -4.230561e-01 9.997575e-01 -2.124501e-02 -5.791417e-03 3.279029e+01
-2.206757e-02 -9.996871e-01 -1.177990e-02 -7.520720e-01 -2.395258e-03 1.183560e-02 -9.999271e-01 -4.450242e-01 9.997536e-01 -2.203774e-02 -2.655692e-03 3.384531e+01
-2.218527e-02 -9.996806e-01 -1.210449e-02 -7.843241e-01 9.263148e-05 1.210541e-02 -9.999267e-01 -4.603674e-01 9.997539e-01 -2.218476e-02 -1.759599e-04 3.492627e+01
-2.284648e-02 -9.996744e-01 -1.136803e-02 -8.110986e-01 8.837059e-04 1.135080e-02 -9.999352e-01 -4.725622e-01 9.997386e-01 -2.285505e-02 6.240924e-04 3.595927e+01
-2.327883e-02 -9.996677e-01 -1.107300e-02 -8.461424e-01 1.419602e-04 1.107269e-02 -9.999387e-01 -4.909866e-01 9.997290e-01 -2.327897e-02 -1.158462e-04 3.702692e+01
-2.394290e-02 -9.996398e-01 -1.212636e-02 -8.768967e-01 4.841415e-04 1.211824e-02 -9.999264e-01 -5.012040e-01 9.997132e-01 -2.394701e-02 1.938211e-04 3.809919e+01
-2.486755e-02 -9.996206e-01 -1.184244e-02 -9.138266e-01 1.257065e-03 1.181483e-02 -9.999294e-01 -5.138962e-01 9.996899e-01 -2.488068e-02 9.627819e-04 3.919694e+01
-2.467744e-02 -9.996216e-01 -1.215384e-02 -9.496827e-01 3.022078e-03 1.208289e-02 -9.999225e-01 -5.277332e-01 9.996909e-01 -2.471226e-02 2.722760e-03 4.029220e+01
-2.550598e-02 -9.996008e-01 -1.215032e-02 -9.794393e-01 5.190461e-03 1.202169e-02 -9.999143e-01 -5.398169e-01 9.996612e-01 -2.556686e-02 4.881764e-03 4.136991e+01
-2.590744e-02 -9.995801e-01 -1.298077e-02 -1.015182e+00 5.554093e-03 1.284100e-02 -9.999021e-01 -5.519714e-01 9.996489e-01 -2.597700e-02 5.219083e-03 4.245080e+01
-2.538923e-02 -9.995701e-01 -1.466152e-02 -1.050723e+00 2.016826e-03 1.461500e-02 -9.998912e-01 -5.684367e-01 9.996756e-01 -2.541604e-02 1.644895e-03 4.349747e+01
-2.463739e-02 -9.995416e-01 -1.759710e-02 -1.080724e+00 -1.058521e-03 1.762852e-02 -9.998441e-01 -5.841971e-01 9.996959e-01 -2.461492e-02 -1.492356e-03 4.458083e+01
-2.529955e-02 -9.994992e-01 -1.900800e-02 -1.104474e+00 -6.488408e-04 1.903050e-02 -9.998187e-01 -5.949089e-01 9.996797e-01 -2.528263e-02 -1.129979e-03 4.562922e+01
-2.632661e-02 -9.994705e-01 -1.912233e-02 -1.147533e+00 1.460426e-03 1.909048e-02 -9.998167e-01 -6.186408e-01 9.996523e-01 -2.634971e-02 9.570652e-04 4.672504e+01
-2.548551e-02 -9.994614e-01 -2.067242e-02 -1.194475e+00 3.412777e-03 2.059203e-02 -9.997821e-01 -6.276749e-01 9.996694e-01 -2.555051e-02 2.886141e-03 4.781697e+01
-2.545206e-02 -9.995335e-01 -1.688283e-02 -1.228339e+00 4.529112e-03 1.677283e-02 -9.998491e-01 -6.308309e-01 9.996658e-01 -2.552468e-02 4.100096e-03 4.889113e+01
-2.590466e-02 -9.995166e-01 -1.718983e-02 -1.257296e+00 3.667200e-03 1.710047e-02 -9.998471e-01 -6.394863e-01 9.996577e-01 -2.596373e-02 3.222446e-03 4.996276e+01
-2.535898e-02 -9.995315e-01 -1.713645e-02 -1.287590e+00 2.268621e-03 1.708438e-02 -9.998515e-01 -6.559414e-01 9.996758e-01 -2.539409e-02 1.834315e-03 5.102586e+01
-2.495872e-02 -9.995174e-01 -1.849407e-02 -1.325422e+00 5.070385e-04 1.848717e-02 -9.998290e-01 -6.685874e-01 9.996883e-01 -2.496383e-02 4.537757e-05 5.211805e+01
-2.412527e-02 -9.995748e-01 -1.637300e-02 -1.348746e+00 -1.179901e-03 1.640622e-02 -9.998647e-01 -6.803071e-01 9.997082e-01 -2.410269e-02 -1.575204e-03 5.318515e+01
-2.438177e-02 -9.995818e-01 -1.554591e-02 -1.383972e+00 -4.572650e-03 1.566188e-02 -9.998669e-01 -7.016169e-01 9.996923e-01 -2.430744e-02 -4.952602e-03 5.426558e+01
-2.430625e-02 -9.995944e-01 -1.483673e-02 -1.408070e+00 -6.389623e-03 1.499615e-02 -9.998671e-01 -7.249281e-01 9.996842e-01 -2.420822e-02 -6.751531e-03 5.535073e+01
-2.361023e-02 -9.996375e-01 -1.294269e-02 -1.428764e+00 -4.811306e-03 1.305977e-02 -9.999031e-01 -7.465277e-01 9.997097e-01 -2.354568e-02 -5.117906e-03 5.641432e+01
-2.396105e-02 -9.996443e-01 -1.170800e-02 -1.462646e+00 1.079628e-03 1.168548e-02 -9.999312e-01 -7.650321e-01 9.997123e-01 -2.397204e-02 7.992482e-04 5.753172e+01
-2.498095e-02 -9.996346e-01 -1.032341e-02 -1.490351e+00 6.757211e-03 1.015755e-02 -9.999256e-01 -7.762669e-01 9.996651e-01 -2.504885e-02 6.500997e-03 5.862041e+01
-2.464779e-02 -9.996620e-01 -8.261206e-03 -1.518120e+00 6.922442e-03 8.092850e-03 -9.999433e-01 -7.825659e-01 9.996722e-01 -2.470358e-02 6.720632e-03 5.969415e+01
-2.314465e-02 -9.997182e-01 -5.283784e-03 -1.534498e+00 4.234489e-03 5.187122e-03 -9.999776e-01 -7.885850e-01 9.997231e-01 -2.316650e-02 4.113242e-03 6.077530e+01
-2.279281e-02 -9.997298e-01 -4.570842e-03 -1.558955e+00 1.644990e-03 4.534520e-03 -9.999884e-01 -8.010316e-01 9.997389e-01 -2.280007e-02 1.541191e-03 6.185473e+01
-2.297932e-02 -9.997143e-01 -6.585778e-03 -1.594971e+00 -9.490164e-04 6.609327e-03 -9.999777e-01 -8.148311e-01 9.997355e-01 -2.297256e-02 -1.100623e-03 6.293809e+01
-2.332684e-02 -9.997177e-01 -4.512142e-03 -1.612130e+00 -5.306368e-03 4.637120e-03 -9.999751e-01 -8.296759e-01 9.997138e-01 -2.330232e-02 -5.413039e-03 6.399378e+01
-2.247827e-02 -9.997200e-01 -7.387557e-03 -1.656890e+00 -5.991276e-03 7.523995e-03 -9.999537e-01 -8.439405e-01 9.997294e-01 -2.243297e-02 -6.158725e-03 6.507542e+01
-2.106791e-02 -9.997222e-01 -1.056254e-02 -1.697777e+00 -2.465122e-03 1.061680e-02 -9.999406e-01 -8.600246e-01 9.997750e-01 -2.104062e-02 -2.688112e-03 6.618671e+01
-2.142536e-02 -9.997045e-01 -1.148640e-02 -1.729084e+00 -6.877046e-04 1.150377e-02 -9.999336e-01 -8.795978e-01 9.997702e-01 -2.141603e-02 -9.339736e-04 6.726508e+01
-2.106343e-02 -9.997181e-01 -1.095750e-02 -1.756880e+00 -2.999949e-04 1.096625e-02 -9.999398e-01 -8.913379e-01 9.997781e-01 -2.105887e-02 -5.308971e-04 6.837373e+01
-2.117291e-02 -9.997284e-01 -9.736304e-03 -1.792701e+00 8.258140e-04 9.720996e-03 -9.999524e-01 -9.127020e-01 9.997755e-01 -2.117994e-02 6.197679e-04 6.945302e+01
-2.120211e-02 -9.997261e-01 -9.913310e-03 -1.819746e+00 2.319013e-03 9.866336e-03 -9.999486e-01 -9.285357e-01 9.997725e-01 -2.122401e-02 2.109190e-03 7.053581e+01
-2.193577e-02 -9.997162e-01 -9.291844e-03 -1.842262e+00 4.096725e-03 9.204119e-03 -9.999493e-01 -9.440162e-01 9.997510e-01 -2.197273e-02 3.893663e-03 7.163388e+01
-2.175026e-02 -9.997320e-01 -7.934073e-03 -1.866742e+00 5.543311e-03 7.815235e-03 -9.999541e-01 -9.534920e-01 9.997481e-01 -2.179324e-02 5.371841e-03 7.272772e+01
-2.196044e-02 -9.997330e-01 -7.196122e-03 -1.894266e+00 5.007048e-03 7.087787e-03 -9.999623e-01 -9.648787e-01 9.997463e-01 -2.199564e-02 4.850060e-03 7.383237e+01
-2.377926e-02 -9.996970e-01 -6.357854e-03 -1.932853e+00 2.086230e-03 6.310016e-03 -9.999779e-01 -9.822420e-01 9.997150e-01 -2.379199e-02 1.935550e-03 7.488477e+01
-2.426968e-02 -9.996818e-01 -6.879767e-03 -1.964119e+00 1.159935e-04 6.878978e-03 -9.999763e-01 -9.935884e-01 9.997054e-01 -2.426990e-02 -5.099401e-05 7.595455e+01
-2.564415e-02 -9.996330e-01 -8.736168e-03 -2.000347e+00 1.764332e-03 8.693771e-03 -9.999607e-01 -1.018143e+00 9.996696e-01 -2.565856e-02 1.540740e-03 7.702472e+01
-2.557455e-02 -9.996114e-01 -1.108581e-02 -2.031285e+00 5.710960e-03 1.094316e-02 -9.999238e-01 -1.036967e+00 9.996566e-01 -2.563591e-02 5.428874e-03 7.812151e+01
-2.622757e-02 -9.995683e-01 -1.323859e-02 -2.078993e+00 9.237204e-03 1.300025e-02 -9.998728e-01 -1.049070e+00 9.996133e-01 -2.634652e-02 8.892251e-03 7.922311e+01
-2.664028e-02 -9.995577e-01 -1.321674e-02 -2.115770e+00 1.010460e-02 1.295150e-02 -9.998651e-01 -1.048987e+00 9.995940e-01 -2.677023e-02 9.755099e-03 8.027996e+01
-2.721646e-02 -9.995705e-01 -1.086415e-02 -2.151980e+00 9.134321e-03 1.061904e-02 -9.999019e-01 -1.045687e+00 9.995878e-01 -2.731303e-02 8.841385e-03 8.129915e+01
-2.778921e-02 -9.995514e-01 -1.116854e-02 -2.174935e+00 8.448664e-03 1.093760e-02 -9.999045e-01 -1.056744e+00 9.995781e-01 -2.788091e-02 8.140927e-03 8.234579e+01
-2.807891e-02 -9.995247e-01 -1.272938e-02 -2.212409e+00 8.489211e-03 1.249550e-02 -9.998859e-01 -1.073222e+00 9.995697e-01 -2.818377e-02 8.134316e-03 8.339833e+01
-2.957478e-02 -9.995003e-01 -1.115981e-02 -2.247087e+00 8.321624e-03 1.091811e-02 -9.999058e-01 -1.079433e+00 9.995279e-01 -2.966486e-02 7.994565e-03 8.441185e+01
-3.011772e-02 -9.994930e-01 -1.032495e-02 -2.284222e+00 9.965458e-03 1.002887e-02 -9.999000e-01 -1.087551e+00 9.994967e-01 -3.021761e-02 9.658359e-03 8.541366e+01
-3.012703e-02 -9.994954e-01 -1.006312e-02 -2.314857e+00 1.252645e-02 9.689359e-03 -9.998746e-01 -1.098229e+00 9.994676e-01 -3.024931e-02 1.222822e-02 8.641145e+01
-3.176725e-02 -9.994529e-01 -9.208688e-03 -2.350403e+00 1.395818e-02 8.768821e-03 -9.998641e-01 -1.107977e+00 9.993978e-01 -3.189147e-02 1.367199e-02 8.738937e+01
-3.316316e-02 -9.994137e-01 -8.506028e-03 -2.382286e+00 1.408237e-02 8.042608e-03 -9.998685e-01 -1.115365e+00 9.993507e-01 -3.327858e-02 1.380739e-02 8.834296e+01
-3.673006e-02 -9.993007e-01 -6.994324e-03 -2.417939e+00 1.383345e-02 6.489942e-03 -9.998832e-01 -1.119286e+00 9.992295e-01 -3.682252e-02 1.358541e-02 8.927084e+01
-4.017606e-02 -9.991701e-01 -6.711983e-03 -2.457137e+00 1.315131e-02 6.188042e-03 -9.998944e-01 -1.122787e+00 9.991060e-01 -4.026009e-02 1.289178e-02 9.018710e+01
-4.277216e-02 -9.990662e-01 -6.098949e-03 -2.502055e+00 1.312777e-02 5.542002e-03 -9.998985e-01 -1.132029e+00 9.989986e-01 -4.284788e-02 1.287847e-02 9.108072e+01
-4.651051e-02 -9.988934e-01 -6.986585e-03 -2.552817e+00 1.456100e-02 6.315455e-03 -9.998741e-01 -1.136389e+00 9.988117e-01 -4.660639e-02 1.425115e-02 9.191978e+01
-4.916728e-02 -9.987633e-01 -7.374772e-03 -2.601798e+00 1.514466e-02 6.637351e-03 -9.998633e-01 -1.141214e+00 9.986757e-01 -4.927225e-02 1.479959e-02 9.276099e+01
-5.236901e-02 -9.986041e-01 -6.884491e-03 -2.643386e+00 1.602520e-02 6.052705e-03 -9.998533e-01 -1.141832e+00 9.984992e-01 -5.247166e-02 1.568585e-02 9.357684e+01
-5.467436e-02 -9.984620e-01 -9.186148e-03 -2.696770e+00 1.689547e-02 8.273498e-03 -9.998230e-01 -1.146524e+00 9.983613e-01 -5.481989e-02 1.641713e-02 9.437023e+01
-5.775428e-02 -9.982669e-01 -1.129418e-02 -2.744230e+00 1.784668e-02 1.027888e-02 -9.997879e-01 -1.156935e+00 9.981713e-01 -5.794359e-02 1.722210e-02 9.513191e+01
-6.051117e-02 -9.980952e-01 -1.201386e-02 -2.795205e+00 1.699316e-02 1.100408e-02 -9.997951e-01 -1.159082e+00 9.980229e-01 -6.070292e-02 1.629493e-02 9.584962e+01
-6.289835e-02 -9.979368e-01 -1.287908e-02 -2.841757e+00 1.355306e-02 1.204935e-02 -9.998356e-01 -1.161702e+00 9.979279e-01 -6.306256e-02 1.276721e-02 9.655350e+01
-6.409754e-02 -9.978193e-01 -1.575223e-02 -2.884961e+00 1.043633e-02 1.511358e-02 -9.998313e-01 -1.170160e+00 9.978890e-01 -6.425112e-02 9.444833e-03 9.721043e+01
-6.649805e-02 -9.976349e-01 -1.739622e-02 -2.937971e+00 8.387076e-03 1.687532e-02 -9.998224e-01 -1.173649e+00 9.977513e-01 -6.663214e-02 7.245064e-03 9.785936e+01
-6.811566e-02 -9.974796e-01 -1.986766e-02 -3.000265e+00 7.243781e-03 1.941892e-02 -9.997852e-01 -1.187071e+00 9.976512e-01 -6.824494e-02 5.902791e-03 9.845115e+01
-6.792150e-02 -9.974471e-01 -2.204175e-02 -3.054858e+00 7.496069e-03 2.158195e-02 -9.997390e-01 -1.196303e+00 9.976625e-01 -6.806900e-02 6.011054e-03 9.903403e+01
-6.567575e-02 -9.975328e-01 -2.479834e-02 -3.104057e+00 8.598640e-03 2.428530e-02 -9.996681e-01 -1.204797e+00 9.978040e-01 -6.586719e-02 6.982469e-03 9.962136e+01
-6.106727e-02 -9.977667e-01 -2.706141e-02 -3.146735e+00 9.542728e-03 2.652715e-02 -9.996026e-01 -1.211874e+00 9.980881e-01 -6.130124e-02 7.901476e-03 1.001621e+02
-5.384690e-02 -9.981349e-01 -2.876181e-02 -3.185374e+00 1.147657e-02 2.818307e-02 -9.995369e-01 -1.215728e+00 9.984832e-01 -5.415205e-02 9.937597e-03 1.006704e+02
-4.502928e-02 -9.985827e-01 -2.837212e-02 -3.212631e+00 1.334166e-02 2.779726e-02 -9.995245e-01 -1.217429e+00 9.988966e-01 -4.538640e-02 1.207106e-02 1.011708e+02
-3.276097e-02 -9.990589e-01 -2.842610e-02 -3.222649e+00 1.457036e-02 2.796094e-02 -9.995028e-01 -1.220796e+00 9.993570e-01 -3.315885e-02 1.364062e-02 1.016479e+02
-1.950646e-02 -9.994208e-01 -2.788324e-02 -3.232267e+00 1.460904e-02 2.760066e-02 -9.995123e-01 -1.227387e+00 9.997030e-01 -1.990429e-02 1.406219e-02 1.020933e+02
-3.524070e-03 -9.996195e-01 -2.735574e-02 -3.233413e+00 1.517073e-02 2.729932e-02 -9.995122e-01 -1.235938e+00 9.998787e-01 -3.937358e-03 1.506875e-02 1.025199e+02
1.415221e-02 -9.995538e-01 -2.630403e-02 -3.225436e+00 1.317274e-02 2.649076e-02 -9.995623e-01 -1.242873e+00 9.998131e-01 1.379952e-02 1.354176e-02 1.029404e+02
3.479107e-02 -9.990636e-01 -2.571917e-02 -3.206012e+00 9.392030e-03 2.606047e-02 -9.996163e-01 -1.244489e+00 9.993505e-01 3.453616e-02 1.028991e-02 1.033461e+02
5.836723e-02 -9.980138e-01 -2.370000e-02 -3.183666e+00 5.026972e-03 2.403400e-02 -9.996985e-01 -1.245638e+00 9.982826e-01 5.823049e-02 6.419785e-03 1.037628e+02
8.508344e-02 -9.961488e-01 -2.117513e-02 -3.138925e+00 2.235787e-03 2.144302e-02 -9.997676e-01 -1.253817e+00 9.963713e-01 8.501633e-02 4.051623e-03 1.041548e+02
1.153225e-01 -9.931422e-01 -1.921826e-02 -3.068869e+00 5.026269e-04 1.940568e-02 -9.998116e-01 -1.257973e+00 9.933280e-01 1.152911e-01 2.737092e-03 1.045527e+02
1.487423e-01 -9.887300e-01 -1.699066e-02 -2.984042e+00 -8.834001e-04 1.704892e-02 -9.998543e-01 -1.269186e+00 9.888756e-01 1.487357e-01 1.662452e-03 1.049107e+02
1.845946e-01 -9.827132e-01 -1.412540e-02 -2.905137e+00 -2.012271e-03 1.399445e-02 -9.999000e-01 -1.270489e+00 9.828127e-01 1.846045e-01 6.058137e-04 1.052985e+02
2.218762e-01 -9.750087e-01 -1.135727e-02 -2.801606e+00 -2.758938e-03 1.101980e-02 -9.999354e-01 -1.281492e+00 9.750710e-01 2.218932e-01 -2.449584e-04 1.056618e+02
2.624075e-01 -9.649187e-01 -8.620557e-03 -2.680516e+00 -3.516083e-03 7.977443e-03 -9.999620e-01 -1.291453e+00 9.649507e-01 2.624278e-01 -1.299393e-03 1.060201e+02
3.034503e-01 -9.527923e-01 -1.023480e-02 -2.546662e+00 -5.162135e-03 9.097251e-03 -9.999453e-01 -1.307744e+00 9.528333e-01 3.034865e-01 -2.157880e-03 1.063500e+02
3.482413e-01 -9.373216e-01 -1.249747e-02 -2.409930e+00 -5.625056e-03 1.124225e-02 -9.999210e-01 -1.310489e+00 9.373881e-01 3.482841e-01 -1.357472e-03 1.066764e+02
3.930781e-01 -9.194285e-01 -1.186818e-02 -2.257053e+00 -4.177812e-03 1.112119e-02 -9.999294e-01 -1.317624e+00 9.194956e-01 3.931000e-01 5.302970e-04 1.070129e+02
4.368071e-01 -8.994873e-01 -1.105288e-02 -2.077357e+00 -3.276742e-03 1.069597e-02 -9.999374e-01 -1.314615e+00 8.995492e-01 4.368159e-01 1.724686e-03 1.073057e+02
4.808794e-01 -8.767366e-01 -9.372384e-03 -1.886927e+00 -3.750121e-03 8.632709e-03 -9.999557e-01 -1.321678e+00 8.767787e-01 4.808932e-01 8.634229e-04 1.076271e+02
5.233508e-01 -8.520665e-01 -9.303935e-03 -1.681691e+00 -5.519019e-03 7.528926e-03 -9.999564e-01 -1.333782e+00 8.520994e-01 5.233794e-01 -7.623013e-04 1.079078e+02
5.663607e-01 -8.240811e-01 -1.121735e-02 -1.451268e+00 -7.979999e-03 8.126705e-03 -9.999352e-01 -1.347990e+00 8.241189e-01 5.664135e-01 -1.973520e-03 1.081796e+02
6.072717e-01 -7.943612e-01 -1.454300e-02 -1.232435e+00 -1.172039e-02 9.345758e-03 -9.998876e-01 -1.355006e+00 7.944078e-01 6.073739e-01 -3.634806e-03 1.084412e+02
6.490064e-01 -7.605097e-01 -2.038823e-02 -1.003244e+00 -1.529700e-02 1.374876e-02 -9.997885e-01 -1.363326e+00 7.606291e-01 6.491810e-01 -2.710485e-03 1.086895e+02
6.898013e-01 -7.235822e-01 -2.455263e-02 -7.443417e-01 -1.835707e-02 1.642171e-02 -9.996966e-01 -1.359086e+00 7.237659e-01 6.900428e-01 -1.955132e-03 1.089221e+02
7.293848e-01 -6.836199e-01 -2.572095e-02 -4.621844e-01 -2.037772e-02 1.587017e-02 -9.996664e-01 -1.375312e+00 6.838000e-01 7.296656e-01 -2.355150e-03 1.091225e+02
7.652882e-01 -6.432853e-01 -2.275895e-02 -1.498908e-01 -1.901327e-02 1.275073e-02 -9.997379e-01 -1.393989e+00 6.434069e-01 7.655204e-01 -2.472973e-03 1.093364e+02
7.999400e-01 -5.997006e-01 -2.133499e-02 1.361107e-01 -1.762556e-02 1.205725e-02 -9.997720e-01 -1.395195e+00 5.998211e-01 8.001336e-01 -9.249824e-04 1.095226e+02
8.323436e-01 -5.539072e-01 -1.977518e-02 4.809354e-01 -1.548482e-02 1.242553e-02 -9.998029e-01 -1.404432e+00 5.540437e-01 8.324857e-01 1.765151e-03 1.097243e+02
8.625978e-01 -5.055976e-01 -1.721000e-02 7.868347e-01 -1.297104e-02 1.190381e-02 -9.998450e-01 -1.407324e+00 5.057241e-01 8.626873e-01 3.710072e-03 1.098942e+02
8.899751e-01 -4.558412e-01 -1.237333e-02 1.153647e+00 -8.919359e-03 9.727614e-03 -9.999129e-01 -1.430007e+00 4.559218e-01 8.900080e-01 4.591524e-03 1.100433e+02
9.151365e-01 -4.029785e-01 -1.156010e-02 1.531883e+00 -7.377211e-03 1.193069e-02 -9.999016e-01 -1.441981e+00 4.030767e-01 9.151317e-01 7.945351e-03 1.101941e+02
9.360183e-01 -3.516369e-01 -1.487000e-02 1.880855e+00 -1.008531e-02 1.543476e-02 -9.998300e-01 -1.442726e+00 3.518066e-01 9.360092e-01 1.090085e-02 1.103019e+02
9.532946e-01 -3.014160e-01 -1.943671e-02 2.279574e+00 -1.443728e-02 1.880546e-02 -9.997189e-01 -1.449740e+00 3.016968e-01 9.533073e-01 1.357551e-02 1.104338e+02
9.667190e-01 -2.549779e-01 -2.099190e-02 2.675510e+00 -1.697511e-02 1.794404e-02 -9.996949e-01 -1.453166e+00 2.552768e-01 9.667804e-01 1.301857e-02 1.105302e+02
9.768398e-01 -2.129920e-01 -2.045396e-02 3.111064e+00 -1.823324e-02 1.238563e-02 -9.997571e-01 -1.472575e+00 2.131936e-01 9.769754e-01 8.215240e-03 1.106011e+02
9.839514e-01 -1.772566e-01 -2.048380e-02 3.553090e+00 -1.990267e-02 5.056066e-03 -9.997891e-01 -1.485952e+00 1.773228e-01 9.841517e-01 1.447043e-03 1.106526e+02
9.890939e-01 -1.457558e-01 -2.117754e-02 3.985689e+00 -2.120408e-02 1.371668e-03 -9.997742e-01 -1.498941e+00 1.457519e-01 9.893197e-01 -1.733908e-03 1.107075e+02
9.927689e-01 -1.183694e-01 -1.996609e-02 4.445570e+00 -1.971600e-02 3.283478e-03 -9.998002e-01 -1.515212e+00 1.184113e-01 9.929642e-01 9.259643e-04 1.107493e+02
9.955016e-01 -9.318438e-02 -1.712053e-02 4.923029e+00 -1.648256e-02 7.611716e-03 -9.998352e-01 -1.529516e+00 9.329934e-02 9.956198e-01 6.041559e-03 1.107809e+02
9.975117e-01 -6.896776e-02 -1.461956e-02 5.445578e+00 -1.389688e-02 1.094680e-02 -9.998435e-01 -1.540234e+00 6.911701e-02 9.975588e-01 9.961121e-03 1.108157e+02
9.988073e-01 -4.753698e-02 -1.114935e-02 5.956689e+00 -1.077375e-02 8.150247e-03 -9.999087e-01 -1.550515e+00 4.762351e-02 9.988362e-01 7.628374e-03 1.108311e+02
9.995626e-01 -2.767830e-02 -1.042298e-02 6.506845e+00 -1.034061e-02 3.117438e-03 -9.999416e-01 -1.555373e+00 2.770918e-02 9.996120e-01 2.829864e-03 1.108263e+02
9.998971e-01 -7.976200e-03 -1.192534e-02 7.060068e+00 -1.194818e-02 -2.821432e-03 -9.999247e-01 -1.571312e+00 7.941953e-03 9.999642e-01 -2.916443e-03 1.108161e+02
9.998392e-01 5.612222e-03 -1.702787e-02 7.639462e+00 -1.700437e-02 -4.209078e-03 -9.998466e-01 -1.576231e+00 -5.683033e-03 9.999754e-01 -4.112970e-03 1.108030e+02
9.996017e-01 1.841406e-02 -2.138886e-02 8.232462e+00 -2.135322e-02 -2.129836e-03 -9.997697e-01 -1.582730e+00 -1.845538e-02 9.998282e-01 -1.735787e-03 1.107946e+02
9.994825e-01 2.406842e-02 -2.133920e-02 8.847615e+00 -2.127576e-02 -2.888910e-03 -9.997694e-01 -1.597509e+00 -2.412452e-02 9.997061e-01 -2.375342e-03 1.107758e+02
9.994817e-01 2.644742e-02 -1.835273e-02 9.462507e+00 -1.817160e-02 -7.073010e-03 -9.998099e-01 -1.614178e+00 -2.657220e-02 9.996252e-01 -6.588752e-03 1.107565e+02
9.994740e-01 2.740516e-02 -1.733785e-02 1.012440e+01 -1.707223e-02 -9.896755e-03 -9.998053e-01 -1.628069e+00 -2.757141e-02 9.995754e-01 -9.423682e-03 1.107414e+02
9.995314e-01 2.546975e-02 -1.697414e-02 1.078970e+01 -1.675425e-02 -8.822094e-03 -9.998207e-01 -1.658336e+00 -2.561493e-02 9.996367e-01 -8.391234e-03 1.107343e+02
9.995515e-01 2.443245e-02 -1.731508e-02 1.147030e+01 -1.718764e-02 -5.416790e-03 -9.998376e-01 -1.671233e+00 -2.452227e-02 9.996868e-01 -4.994425e-03 1.107299e+02
9.995769e-01 2.269975e-02 -1.818935e-02 1.216803e+01 -1.804920e-02 -6.363777e-03 -9.998168e-01 -1.689705e+00 -2.281135e-02 9.997221e-01 -5.951371e-03 1.107077e+02
9.995856e-01 2.140577e-02 -1.924549e-02 1.287579e+01 -1.913191e-02 -5.498061e-03 -9.998019e-01 -1.709817e+00 -2.150734e-02 9.997557e-01 -5.086249e-03 1.106943e+02
9.996135e-01 2.034642e-02 -1.894592e-02 1.361029e+01 -1.883420e-02 -5.668801e-03 -9.998065e-01 -1.728124e+00 -2.044988e-02 9.997769e-01 -5.283401e-03 1.106962e+02
9.996424e-01 2.013374e-02 -1.759741e-02 1.438041e+01 -1.753597e-02 -3.224037e-03 -9.998410e-01 -1.751530e+00 -2.018727e-02 9.997921e-01 -2.869820e-03 1.106852e+02
9.996708e-01 1.994543e-02 -1.613797e-02 1.516059e+01 -1.608761e-02 -2.682447e-03 -9.998670e-01 -1.771626e+00 -1.998607e-02 9.997975e-01 -2.360690e-03 1.106677e+02
9.996974e-01 2.014039e-02 -1.411914e-02 1.593851e+01 -1.404843e-02 -3.648259e-03 -9.998947e-01 -1.791191e+00 -2.018978e-02 9.997905e-01 -3.364214e-03 1.106541e+02
9.997026e-01 2.064223e-02 -1.298315e-02 1.673207e+01 -1.291681e-02 -3.343862e-03 -9.999110e-01 -1.809033e+00 -2.068381e-02 9.997813e-01 -3.076236e-03 1.106540e+02
9.996859e-01 2.203006e-02 -1.195240e-02 1.754434e+01 -1.191301e-02 -1.918555e-03 -9.999272e-01 -1.825258e+00 -2.205139e-02 9.997554e-01 -1.655508e-03 1.106404e+02
9.996914e-01 2.295292e-02 -9.496278e-03 1.836129e+01 -9.451876e-03 -2.042205e-03 -9.999533e-01 -1.836492e+00 -2.297124e-02 9.997345e-01 -1.824627e-03 1.106125e+02
9.996980e-01 2.343387e-02 -7.394006e-03 1.917177e+01 -7.346377e-03 -2.117909e-03 -9.999708e-01 -1.853814e+00 -2.344884e-02 9.997231e-01 -1.945116e-03 1.105927e+02
9.996735e-01 2.464550e-02 -6.744622e-03 1.999702e+01 -6.683047e-03 -2.579967e-03 -9.999743e-01 -1.867910e+00 -2.466227e-02 9.996929e-01 -2.414417e-03 1.105749e+02
9.995801e-01 2.703319e-02 -1.042590e-02 2.080936e+01 -1.041258e-02 -6.333631e-04 -9.999456e-01 -1.892125e+00 -2.703833e-02 9.996343e-01 -3.516120e-04 1.105696e+02
9.994621e-01 2.922846e-02 -1.486937e-02 2.161631e+01 -1.480809e-02 -2.311912e-03 -9.998877e-01 -1.905729e+00 -2.925956e-02 9.995701e-01 -1.877851e-03 1.105475e+02
9.994482e-01 2.919556e-02 -1.583772e-02 2.245185e+01 -1.585244e-02 2.727476e-04 -9.998743e-01 -1.931034e+00 -2.918757e-02 9.995737e-01 7.354179e-04 1.105324e+02
9.994569e-01 2.996385e-02 -1.371163e-02 2.330502e+01 -1.386047e-02 4.765331e-03 -9.998926e-01 -1.953379e+00 -2.989529e-02 9.995396e-01 5.178056e-03 1.105220e+02
9.994771e-01 3.074537e-02 -1.000822e-02 2.417469e+01 -1.021588e-02 6.604599e-03 -9.999260e-01 -1.970441e+00 -3.067699e-02 9.995054e-01 6.915237e-03 1.105070e+02
9.995035e-01 3.099279e-02 -5.671348e-03 2.504598e+01 -5.881806e-03 6.703604e-03 -9.999602e-01 -1.979660e+00 -3.095354e-02 9.994971e-01 6.882569e-03 1.104887e+02
9.995685e-01 2.933279e-02 -1.578635e-03 2.590584e+01 -1.836396e-03 8.762637e-03 -9.999599e-01 -1.985851e+00 -2.931778e-02 9.995313e-01 8.812723e-03 1.104718e+02
9.995897e-01 2.864197e-02 -3.702333e-04 2.676915e+01 -6.513815e-04 9.807245e-03 -9.999517e-01 -2.003065e+00 -2.863696e-02 9.995416e-01 9.821877e-03 1.104505e+02
9.995973e-01 2.777516e-02 -5.825280e-03 2.759141e+01 -6.062525e-03 8.465093e-03 -9.999458e-01 -2.032563e+00 -2.772434e-02 9.995784e-01 8.630071e-03 1.104364e+02
9.994592e-01 2.926281e-02 -1.499755e-02 2.839551e+01 -1.525326e-02 8.534763e-03 -9.998472e-01 -2.048231e+00 -2.913034e-02 9.995353e-01 8.976501e-03 1.103988e+02
9.993766e-01 2.958984e-02 -1.925766e-02 2.922202e+01 -1.946057e-02 6.584573e-03 -9.997889e-01 -2.070265e+00 -2.945679e-02 9.995404e-01 7.156303e-03 1.103817e+02
9.994988e-01 2.803701e-02 -1.469486e-02 3.005916e+01 -1.483309e-02 4.728676e-03 -9.998788e-01 -2.093905e+00 -2.796412e-02 9.995957e-01 5.142182e-03 1.103734e+02
9.995946e-01 2.691406e-02 -9.284746e-03 3.089934e+01 -9.346399e-03 2.165827e-03 -9.999540e-01 -2.115232e+00 -2.689271e-02 9.996354e-01 2.416499e-03 1.103512e+02
9.996232e-01 2.652760e-02 -7.051685e-03 3.173589e+01 -7.079323e-03 9.480789e-04 -9.999745e-01 -2.136086e+00 -2.652024e-02 9.996476e-01 1.135519e-03 1.103340e+02
9.996271e-01 2.642591e-02 -6.877257e-03 3.256290e+01 -6.934207e-03 2.064039e-03 -9.999738e-01 -2.150527e+00 -2.641102e-02 9.996486e-01 2.246512e-03 1.103169e+02
9.995946e-01 2.768875e-02 -6.632755e-03 3.337832e+01 -6.709245e-03 2.670513e-03 -9.999740e-01 -2.163623e+00 -2.767031e-02 9.996130e-01 2.855201e-03 1.102918e+02
9.995614e-01 2.907602e-02 -5.611415e-03 3.418882e+01 -5.747322e-03 4.592769e-03 -9.999729e-01 -2.186571e+00 -2.904946e-02 9.995667e-01 4.757864e-03 1.102731e+02
9.995050e-01 3.099201e-02 -5.416840e-03 3.500613e+01 -5.659575e-03 7.749838e-03 -9.999539e-01 -2.207126e+00 -3.094861e-02 9.994896e-01 7.921403e-03 1.102626e+02
9.994054e-01 3.394404e-02 -6.059147e-03 3.579725e+01 -6.380403e-03 9.363964e-03 -9.999358e-01 -2.222222e+00 -3.388513e-02 9.993799e-01 9.574973e-03 1.102323e+02
9.993484e-01 3.559075e-02 -6.009790e-03 3.660384e+01 -6.358225e-03 9.684970e-03 -9.999329e-01 -2.237472e+00 -3.553015e-02 9.993195e-01 9.904953e-03 1.102051e+02
9.992675e-01 3.792568e-02 -5.113367e-03 3.740691e+01 -5.483010e-03 9.648938e-03 -9.999384e-01 -2.255892e+00 -3.787401e-02 9.992340e-01 9.849817e-03 1.101825e+02
9.992424e-01 3.867968e-02 -4.290326e-03 3.820090e+01 -4.618971e-03 8.411223e-03 -9.999540e-01 -2.277098e+00 -3.864181e-02 9.992163e-01 8.583511e-03 1.101535e+02
9.991892e-01 4.000479e-02 -4.530984e-03 3.899033e+01 -4.887648e-03 8.822249e-03 -9.999492e-01 -2.295362e+00 -3.996278e-02 9.991605e-01 9.010625e-03 1.101247e+02
9.991269e-01 4.144436e-02 -5.281838e-03 3.976354e+01 -5.687321e-03 9.671982e-03 -9.999371e-01 -2.306122e+00 -4.139067e-02 9.990940e-01 9.899245e-03 1.100967e+02
9.989609e-01 4.526187e-02 -5.345799e-03 4.053799e+01 -5.779511e-03 9.456846e-03 -9.999386e-01 -2.318784e+00 -4.520854e-02 9.989304e-01 9.708610e-03 1.100616e+02
9.989291e-01 4.610828e-02 -3.840283e-03 4.131124e+01 -4.255094e-03 8.901682e-03 -9.999513e-01 -2.339339e+00 -4.607185e-02 9.988968e-01 9.088344e-03 1.100201e+02
9.988875e-01 4.708361e-02 -2.643241e-03 4.207287e+01 -3.064338e-03 8.873674e-03 -9.999560e-01 -2.356091e+00 -4.705808e-02 9.988515e-01 9.008083e-03 1.099799e+02
9.987878e-01 4.917174e-02 -2.259578e-03 4.284530e+01 -2.722469e-03 9.348829e-03 -9.999526e-01 -2.373067e+00 -4.914828e-02 9.987466e-01 9.471364e-03 1.099474e+02
9.987299e-01 5.035665e-02 -1.632084e-03 4.358723e+01 -2.196408e-03 1.115324e-02 -9.999354e-01 -2.382942e+00 -5.033520e-02 9.986690e-01 1.124967e-02 1.099164e+02
9.986849e-01 5.125124e-02 -1.348708e-03 4.432721e+01 -1.935008e-03 1.139182e-02 -9.999332e-01 -2.402661e+00 -5.123246e-02 9.986208e-01 1.147601e-02 1.098843e+02
9.986848e-01 5.126081e-02 -1.000060e-03 4.502390e+01 -1.602988e-03 1.172221e-02 -9.999300e-01 -2.421653e+00 -5.124550e-02 9.986165e-01 1.178897e-02 1.098526e+02
9.986229e-01 5.241841e-02 -2.156529e-03 4.572427e+01 -2.810295e-03 1.240155e-02 -9.999192e-01 -2.427570e+00 -5.238743e-02 9.985482e-01 1.253179e-02 1.098195e+02
9.986038e-01 5.263298e-02 -4.500150e-03 4.644024e+01 -5.180098e-03 1.278940e-02 -9.999048e-01 -2.449095e+00 -5.257042e-02 9.985320e-01 1.304419e-02 1.097873e+02
9.986078e-01 5.239750e-02 -6.085309e-03 4.713083e+01 -6.871740e-03 1.484189e-02 -9.998662e-01 -2.453383e+00 -5.230017e-02 9.985160e-01 1.518129e-02 1.097653e+02
9.985660e-01 5.306804e-02 -7.053050e-03 4.781189e+01 -7.833947e-03 1.452143e-02 -9.998639e-01 -2.476088e+00 -5.295839e-02 9.984853e-01 1.491634e-02 1.097337e+02
9.985929e-01 5.259982e-02 -6.744139e-03 4.850514e+01 -7.425239e-03 1.276405e-02 -9.998910e-01 -2.492205e+00 -5.250800e-02 9.985341e-01 1.313666e-02 1.096977e+02
9.985806e-01 5.284422e-02 -6.661964e-03 4.918395e+01 -7.274817e-03 1.141349e-02 -9.999084e-01 -2.509845e+00 -5.276334e-02 9.985375e-01 1.178172e-02 1.096692e+02
9.985895e-01 5.257574e-02 -7.410864e-03 4.985321e+01 -8.161140e-03 1.407006e-02 -9.998677e-01 -2.520407e+00 -5.246451e-02 9.985178e-01 1.447929e-02 1.096401e+02
9.985998e-01 5.236484e-02 -7.512190e-03 5.054872e+01 -8.367117e-03 1.612631e-02 -9.998350e-01 -2.543411e+00 -5.223506e-02 9.984978e-01 1.654187e-02 1.096136e+02
9.986153e-01 5.225622e-02 -6.069979e-03 5.120913e+01 -6.884778e-03 1.542652e-02 -9.998573e-01 -2.554391e+00 -5.215512e-02 9.985145e-01 1.576493e-02 1.095751e+02
9.985694e-01 5.322695e-02 -5.105941e-03 5.187960e+01 -5.936373e-03 1.545530e-02 -9.998629e-01 -2.573842e+00 -5.314074e-02 9.984629e-01 1.574917e-02 1.095428e+02
9.983715e-01 5.683685e-02 -4.898913e-03 5.256918e+01 -5.998979e-03 1.920035e-02 -9.997976e-01 -2.597279e+00 -5.673129e-02 9.981989e-01 1.951004e-02 1.095129e+02
9.980610e-01 6.202382e-02 -5.227384e-03 5.323356e+01 -6.600587e-03 2.195572e-02 -9.997371e-01 -2.603876e+00 -6.189275e-02 9.978331e-01 2.232254e-02 1.094802e+02
9.976127e-01 6.873545e-02 -6.668517e-03 5.390451e+01 -8.174716e-03 2.165505e-02 -9.997321e-01 -2.623359e+00 -6.857263e-02 9.973999e-01 2.216525e-02 1.094370e+02
9.971214e-01 7.537285e-02 -8.237729e-03 5.456961e+01 -9.743557e-03 1.963252e-02 -9.997598e-01 -2.627121e+00 -7.519302e-02 9.969621e-01 2.031041e-02 1.093896e+02
9.965811e-01 8.201722e-02 -9.958829e-03 5.523913e+01 -1.157476e-02 1.925049e-02 -9.997477e-01 -2.650876e+00 -8.180482e-02 9.964450e-01 2.013401e-02 1.093395e+02
9.961241e-01 8.737621e-02 -1.011086e-02 5.592249e+01 -1.217310e-02 2.310135e-02 -9.996590e-01 -2.655504e+00 -8.711284e-02 9.959075e-01 2.407545e-02 1.092990e+02
9.956635e-01 9.252481e-02 -9.665657e-03 5.661485e+01 -1.186018e-02 2.319784e-02 -9.996606e-01 -2.668731e+00 -9.226918e-02 9.954401e-01 2.419460e-02 1.092296e+02
9.951811e-01 9.755804e-02 -9.848510e-03 5.730102e+01 -1.216744e-02 2.320340e-02 -9.996567e-01 -2.688102e+00 -9.729603e-02 9.949593e-01 2.427862e-02 1.091685e+02
9.948028e-01 1.013664e-01 -9.606833e-03 5.797923e+01 -1.215752e-02 2.457535e-02 -9.996241e-01 -2.698397e+00 -1.010922e-01 9.945456e-01 2.567999e-02 1.091076e+02
9.945880e-01 1.036685e-01 -6.901092e-03 5.867219e+01 -9.489444e-03 2.449515e-02 -9.996549e-01 -2.716617e+00 -1.034637e-01 9.943102e-01 2.534634e-02 1.090412e+02
9.943587e-01 1.060180e-01 -3.326628e-03 5.939420e+01 -5.775999e-03 2.280469e-02 -9.997233e-01 -2.731069e+00 -1.059128e-01 9.941027e-01 2.328840e-02 1.089598e+02
9.941933e-01 1.076068e-01 -7.206093e-04 6.009822e+01 -3.191605e-03 2.279274e-02 -9.997351e-01 -2.742555e+00 -1.075619e-01 9.939322e-01 2.300382e-02 1.088868e+02
9.940684e-01 1.087563e-01 1.722096e-04 6.082297e+01 -2.278309e-03 2.240753e-02 -9.997463e-01 -2.760081e+00 -1.087326e-01 9.938158e-01 2.252240e-02 1.088174e+02
9.939349e-01 1.099603e-01 -1.470223e-03 6.154685e+01 -3.879350e-03 2.169833e-02 -9.997571e-01 -2.779308e+00 -1.099017e-01 9.936991e-01 2.199330e-02 1.087383e+02
9.938152e-01 1.109323e-01 -5.024870e-03 6.228070e+01 -7.211560e-03 1.931950e-02 -9.997873e-01 -2.788387e+00 -1.108117e-01 9.936402e-01 2.000001e-02 1.086557e+02
9.938481e-01 1.103936e-01 -8.897985e-03 6.301164e+01 -1.063009e-02 1.511168e-02 -9.998293e-01 -2.808449e+00 -1.102403e-01 9.937730e-01 1.619221e-02 1.085711e+02
9.937793e-01 1.107725e-01 -1.149672e-02 6.375375e+01 -1.284878e-02 1.149969e-02 -9.998513e-01 -2.816825e+00 -1.106238e-01 9.937792e-01 1.285145e-02 1.084857e+02
9.936570e-01 1.120031e-01 -1.005190e-02 6.452641e+01 -1.150867e-02 1.236749e-02 -9.998573e-01 -2.836027e+00 -1.118628e-01 9.936309e-01 1.357805e-02 1.084051e+02
9.937507e-01 1.114349e-01 -6.469128e-03 6.528014e+01 -7.645978e-03 1.013677e-02 -9.999194e-01 -2.847253e+00 -1.113603e-01 9.937201e-01 1.092545e-02 1.083259e+02
9.938398e-01 1.107107e-01 -5.062132e-03 6.600887e+01 -5.896477e-03 7.210154e-03 -9.999566e-01 -2.867924e+00 -1.106694e-01 9.938265e-01 7.818541e-03 1.082431e+02
9.938514e-01 1.106270e-01 -4.577224e-03 6.677240e+01 -5.400758e-03 7.145731e-03 -9.999599e-01 -2.881456e+00 -1.105899e-01 9.938363e-01 7.699265e-03 1.081605e+02
9.936547e-01 1.123740e-01 -4.737778e-03 6.751215e+01 -5.519177e-03 6.643484e-03 -9.999627e-01 -2.894674e+00 -1.123383e-01 9.936438e-01 7.221541e-03 1.080850e+02
9.933635e-01 1.148369e-01 -6.439917e-03 6.824522e+01 -6.996033e-03 4.440275e-03 -9.999657e-01 -2.900782e+00 -1.148044e-01 9.933744e-01 5.214211e-03 1.080008e+02
9.929922e-01 1.180147e-01 -6.242475e-03 6.898599e+01 -6.852423e-03 4.763345e-03 -9.999652e-01 -2.914471e+00 -1.179809e-01 9.930004e-01 5.538651e-03 1.079134e+02
9.927886e-01 1.197195e-01 -6.163214e-03 6.971575e+01 -6.791612e-03 4.841606e-03 -9.999652e-01 -2.935839e+00 -1.196855e-01 9.927959e-01 5.619780e-03 1.078292e+02
9.926134e-01 1.211488e-01 -6.457947e-03 7.045174e+01 -7.085956e-03 4.753683e-03 -9.999636e-01 -2.949882e+00 -1.211137e-01 9.926230e-01 5.577025e-03 1.077426e+02
9.924341e-01 1.225943e-01 -6.724571e-03 7.119939e+01 -7.578671e-03 6.501890e-03 -9.999502e-01 -2.965763e+00 -1.225445e-01 9.924356e-01 7.381799e-03 1.076576e+02
9.921939e-01 1.244585e-01 -7.832712e-03 7.197392e+01 -9.027226e-03 9.036630e-03 -9.999184e-01 -2.977365e+00 -1.243776e-01 9.921837e-01 1.008960e-02 1.075610e+02
9.920334e-01 1.257665e-01 -7.254602e-03 7.274039e+01 -8.518864e-03 9.517535e-03 -9.999184e-01 -2.990188e+00 -1.256872e-01 9.920142e-01 1.051310e-02 1.074771e+02
9.918879e-01 1.269228e-01 -7.001776e-03 7.351215e+01 -8.299061e-03 9.695123e-03 -9.999186e-01 -3.021112e+00 -1.268446e-01 9.918652e-01 1.066982e-02 1.073809e+02
9.917331e-01 1.281650e-01 -6.254165e-03 7.427334e+01 -7.542003e-03 9.565432e-03 -9.999258e-01 -3.037250e+00 -1.280957e-01 9.917067e-01 1.045298e-02 1.072853e+02
9.916501e-01 1.288965e-01 -3.966222e-03 7.505659e+01 -5.542632e-03 1.187364e-02 -9.999142e-01 -3.052229e+00 -1.288383e-01 9.915870e-01 1.248892e-02 1.071968e+02
9.914613e-01 1.303742e-01 -2.665154e-03 7.583195e+01 -4.621180e-03 1.470294e-02 -9.998812e-01 -3.058631e+00 -1.303195e-01 9.913558e-01 1.517987e-02 1.071063e+02
9.911657e-01 1.326119e-01 -2.165393e-03 7.661084e+01 -4.226231e-03 1.526089e-02 -9.998746e-01 -3.074170e+00 -1.325622e-01 9.910505e-01 1.568651e-02 1.070087e+02
